100
3
15 20 60 75 80 100
4
9 9 12 12 12 15 16 20
4
16605 22140 22140 24030 29520 29520 32040 39360
4
151892118 202522824 226732737 302310316 371960124 495946832 680152314 906869752
4
5778 7704 10272 11394 13696 15192 20256 27008
4
25246887 33662516 64875060 86500080 113140197 150853596 253525149 338033532
4
5940 7920 10560 14080 14931 19908 26544 35392
4
198 264 1011 1014 1348 1352 2391 3188
4
5319 7092 8802 9456 11736 12608 15648 20864
4
210 219 264 280 292 352 1800 2400
4
13527 18036 18036 24048 24048 25785 32064 34380
4
954 1272 1404 1872 2226 2616 2968 3488
4
2646 3528 4704 6272 10071 13428 17904 23872
4
651 868 1545 1944 2010 2060 2592 2680
4
37131222 49508296 254385861 290189328 339181148 386919104 676959801 902613068
4
1212 1616 1668 1677 2224 2236 2526 3368
4
206130462 211327899 274840616 281770532 489841536 594194124 653122048 792258832
4
3024 4032 4032 5376 5376 7168 9801 13068
4
1260 1314 1662 1680 1752 2079 2216 2772
4
645 860 1560 2080 2334 2589 3112 3452
4
291 388 663 884 1587 1743 2116 2324
4
2916 3888 5184 6912 12690 16920 22560 30080
4
19386 25848 25974 34464 34632 45952 46176 61568
4
291 300 363 388 400 484 2577 3436
4
723 762 964 1016 1587 2116 2706 3608
4
363884376 485179168 564318504 593107485 734176557 752424672 790809980 978902076
4
13653807 18205076 228807144 305076192 494843280 544279380 659791040 725705840
4
15417 20196 20556 26928 27408 35904 36544 47872
4
54 72 177 236 1059 1281 1412 1708
4
282 376 1323 1698 1764 2264 2895 3860
4
1236 1515 1648 1782 1872 2020 2376 2496
4
6191724 8255632 49063743 65418324 482046078 552490149 642728104 736653532
4
768 1024 1323 1764 1875 2307 2500 3076
4
13959 18612 24948 33264 33264 44352 44352 59136
4
87721722 116962296 247606566 330142088 354646401 472861868 714169119 952225492
4
588 784 1749 2244 2332 2628 2992 3504
4
9236709 12315612 385810041 514413388 517211406 689615208 726928053 969237404
4
1404 1629 1872 2094 2172 2514 2792 3352
4
468 624 1581 1593 2108 2124 2805 3740
4
543 724 798 1064 1326 1768 2814 3752
4
528 704 1449 1932 2037 2716 2838 3784
4
1227 1636 1923 2564 2724 2961 3632 3948
4
1230 1640 1692 2256 2319 2409 3092 3212
4
1527 2036 2088 2745 2784 2994 3660 3992
4
2970 3960 3960 5280 5280 7040 9666 12888
4
284061054 317816703 378748072 395165715 423755604 502431774 526887620 669909032
4
1509 1518 2012 2024 2343 2925 3124 3900
4
477 636 1278 1380 1704 1840 1935 2580
4
672 896 1749 2332 2448 2967 3264 3956
2
3 4 750000000 1000000000
4
150 200 1077 1413 1436 1884 2373 3164
4
1389 1852 2223 2742 2868 2964 3656 3824
4
531 708 1494 1992 2472 2517 3296 3356
4
20790 24300 27720 32400 36960 43200 49280 57600
4
327 436 1308 1744 2325 2559 3100 3412
4
435 580 657 876 1158 1544 2274 3032
4
1089 1452 2361 2559 2985 3148 3412 3980
4
174 232 825 1100 1392 1856 2592 3456
1
750000000 1000000000
4
419439135 430982550 508478007 559252180 574643400 654044091 677970676 872058788
4
1170 1461 1560 1695 1948 2260 2742 3656
4
1311 1335 1748 1780 2217 2274 2956 3032
4
1191 1588 2145 2163 2544 2860 2884 3392
4
3105 4140 23517 31356 31356 41808 41808 55744
1
3 4
4
126 168 2217 2547 2880 2956 3396 3840
4
594979131 640888161 748180410 749364513 793305508 854517548 997573880 999152684
4
532392972 622673160 701139981 709857296 744930309 830230880 934853308 993240412
4
122046624 162728832 581206482 595265679 735742983 774941976 793687572 980990644
4
336 448 612 816 1338 1784 2103 2804
4
156 208 462 616 828 1104 1833 2444
4
132 176 393 524 1512 2016 2421 3228
4
3240 4320 10044 13392 13392 17856 17856 23808
4
297 396 1467 1605 1938 1956 2140 2584
4
996 1328 2298 2703 2724 3064 3604 3632
4
303 333 404 444 1740 2184 2320 2912
4
66 88 2427 2493 2892 3236 3324 3856
4
7992 9612 10656 12816 14208 17088 18944 22784
4
414 552 2232 2715 2970 2976 3620 3960
4
501 668 1275 1524 1700 2032 2367 3156
4
324 417 432 450 556 600 906 1208
4
1719 1806 2292 2408 2532 2904 3376 3872
4
216 288 1284 1712 2787 2949 3716 3932
4
1041 1388 1752 1923 1929 2336 2564 2572
4
156 208 411 447 548 596 1065 1420
4
97170552 129560736 394158798 439640004 448939233 525545064 586186672 598585644
4
1383 1443 1844 1924 2202 2574 2936 3432
4
2754 3672 3672 4896 4896 6528 25326 33768
4
360273540 465112821 480364720 537484371 620150428 716645828 736386057 981848076
4
6345 8460 11799 15732 15732 20976 20976 27968
4
450 600 1395 1521 1860 2028 2217 2956
4
95397576 127196768 241415358 309181290 321887144 412241720 508294671 677726228
4
2187 2916 3888 5184 21276 28368 37824 50432
4
21141 26244 28188 34992 34992 46656 46656 62208
4
249 332 1230 1584 1640 1965 2112 2620
4
144384894 192513192 529081314 579883986 700611402 705441752 773178648 934148536
4
96586209 128781612 256725051 279623400 342300068 372831200 537157809 716210412
4
225 300 951 1268 1674 2232 2760 3680
4
135447576 180596768 331137405 353100693 441516540 470800924 526307460 701743280
4
84 112 1272 1680 1696 2240 2796 3728
