100
8 3 1
8 4 2
4 1 8
6 1 4
10 8 6
4 1 3
10 10 7
4 2 1
4 2 10
8 8 7
10 1 1
8 4 5
8 7 1
6 6 4
6 2 8
10 3 5
6 1 10
10 1 9
6 1 1
4 2 3
4 2 4
8 8 4
6 1 2
10 10 1
10 1 7
8 8 1
4 1 6
4 4 5
4 3 4
10 1 2
6 6 6
8 4 4
4 3 1
8 4 8
6 6 3
4 1 5
6 3 4
6 1 5
6 6 1
10 10 6
6 1 3
8 5 7
10 10 8
8 5 8
4 1 2
8 6 6
4 3 8
4 3 3
10 1 6
6 1 7
8 8 8
4 4 1
6 1 6
8 1 8
4 2 6
6 2 3
6 2 5
10 9 4
6 3 5
4 1 10
10 2 5
4 4 4
10 5 4
10 7 4
4 1 1
4 2 2
8 8 9
10 1 8
4 3 10
8 3 3
10 10 10
4 4 10
6 4 7
6 2 1
10 3 1
10 7 9
8 4 7
4 4 2
4 1 4
6 4 2
8 1 7
4 2 5
6 5 10
4 3 5
8 1 1
10 4 4
4 2 9
6 6 5
8 1 9
4 3 2
6 6 10
6 6 7
4 4 3
6 6 2
10 8 1
10 4 3
10 7 3
10 5 9
6 2 10
10 10 9
